2834588
136
1908717
3630664
112
4046008
3206667
176
1034764
3336462
1259742
1934676
1346272
152158
2228878
2947077
1597209
1804881
2618263
3215320
325218
1562597
2003900
835745
4331557
2202919
3353768
1718351
3379727
801133
3293197
82934
2479815
3232626
472319
3734500
264647
1216477
10022
1692392
2756711
2176960
3137443
1337619
4495964
3829683
2237531
1389537
2799976
757868
2557692
352
4123885
991499
1398190
3916213
2375979
8292
312
2592304
3881601
4400781
1303007
3448951
1553944
403095
22997
679991
3111484
3760459
4002743
2774017
4392128
3068219
290606
4193109
2401938
2600957
1207824
25592
498278
3094178
3994090
38567
4201762
636726
342524
224
654032
1813534
3691235
3059566
1441455
2652875
576155
108893
368
1060723
1225130
3665276
1752963
1744310
4426740
1995247
1242436
3198014
3414339
307912
4071967
2713446
1917370
4288292
1008805
1000152
2722099
4149844
3846989
3310503
3812377
1103988
448
2583651
3838336
429054
44622
212729
1527985
4504617
1199171
3163402
14347
480972
411748
2748058
4115232
3890254
377136
3405686
1251089
30782
1623168
24727
4227721
385789
17807
247341
3431645
4409434
1848146
384
3613358
21267
2012553
264
3327809
5697
2540386
43757
100240
740562
1796228
1086682
2549039
1900064
930928
4366169
506931
351177
3466257
64
2263490
1770269
2159654
3275891
1095335
2886506
3751806
2151001
1709698
965540
4270986
827092
328
567502
333871
1683739
29052
10887
1874105
705950
2272143
2081777
3587399
4219068
2574998
1173212
4305598
1640474
3033607
394442
697297
4383475
72
7427
541543
4020049
775174
2670181
3544134
524237
3795071
2055818
2341367
4444046
4167150
29917
1631821
336
1926023
272
2419244
2021206
143505
232
2860547
117546
3872948
1830840
2912465
192
4435393
1666433
3777765
3976784
2895159
32512
91587
1882758
4296945
532890
1649127
2073124
1943329
2765364
3076872
2107736
1406843
2782670
3725847
1190518
3604705
33377
1285701
3172055
3673929
4210415
783827
4063314
3639317
26457
74281
3803724
2471162
1363578
3942172
1121294
2116389
16942
3241279
3622011
3388380
2384632
4262333
2211572
18672
1761616
3267238
2220225
22132
3154749
3007648
432
195423
662685
1839493
255994
4487311
12617
2877853
2047165
3570093
2903812
2488468
974193
2626916
2696140
4314251
2497121
20402
3371074
2523080
280
3769112
19537
1986594
23862
376
1233783
56975
489625
3985437
360
2280796
628073
184
1675086
208
4054661
2825935
904969
39432
2185613
3284544
550196
2869200
879010
1727004
1043417
27322
368483
344
3518175
400
304
2462509
3249932
1614515
104
3102831
2332714
186770
446360
714603
3050913
65628
1026111
281953
15212
1484720
3180708
4158497
28187
3128790
4141191
2298102
3223973
956887
160811
1415496
982846
2566345
168
4132538
11752
4348863
2410591
3120137
1476067
359830
120
1129947
1891411
1380884
3898907
3959478
4461352
3362421
2306755
1078029
2194266
88457663
2730752
3821030
844398
561536638
3397033
248
3301850
3500869
792480
723256
584808
1155906
1960635
2090430
1458761
948234
1787575
1778922
610767
1951982
4357516
1735657
2125042
2938424
1294354
144
2324061
288
2981689
128
2133695
809786
2064471
4037355
861704
2808629
1571250
40297
1069376
3422992
37702
1372231
4253680
160
3319156
2445203
2531733
1545291
1865452
3146096
2843241
96
4011396
2817282
2246184
4374822
939581
4106579
3258585
26442223456
3440298
3189361
2921118
1605862
1701045
1424149
818439
3717194
2038512
4245027
41162
4080620
6562
2739405
2505774
1588556
134852
42892
3682582
1112641
1657780
420401
3526828
2168307
42027
870357
200
2099083
1432802
2029859
3483563
238688
2955730
1856799
2791323
424
455013
593461
1320313
4418087
4322904
88
2964383886
4097926
9157
35107
558849
16077
688644
1502026
2678834
463666
296
4478658
2289449
2635569
4470005
2367326
4028702
922275
2254837
1519332
645379
4089273
602114
3509522
766521
3016301
1450108
3647970
80
3855642
2350020
3596052
4279639
3950825
3743153
2427897
3552787
3085525
1311660
256
2929771
515584
3024954
416
4340210
392
4175803
2393285
2973036
56
36837
3968131
240
3907560
1328966
273300
3864295
299259
1467414
3474910
4184456
1354925
2609610
1977941
4236374
1268395
1969288
408
853051
3492216
3042260
671338
1052070
1277048
3933519
2315408
3924866
2453856
221382
34242
3656623
3345115
2998995
13482
2514427
2358673
2990342
731909
3457604
913622
3708541
1181865
1579903
178117
230035
1164559
2436550
619420
2661528
437707
152
316565
4452699
204076
2687487
35972
2704793
216
3578746
749215
126199
2851894
1510679
2142348
1493373
3786418
169464
31647
1017458
3699888
896316
3561440
1822187
1138600
440
320
3535481
1147253
